0.037967170300250395
0.038429246733622455
0.03910134220362515
0.03819922471178536
0.038695001610403824
0.038273841990364835
0.03853282896344307
0.03842816151714419
0.03838575286423916
0.03806103618904153
0.038904163255208235
0.038207815844836034
0.03831770278762484
0.03817896967028385
0.03826799890206475
0.03797347443075296
0.0380889632153001
0.038197283475491846
0.03808512571454535
0.03870590551945371
0.0386063262246806
0.0383002018264594
0.03847752450533556
0.038422219066326535
0.038620366612259927
0.038677602115398245
0.03814929019734942
0.03843836901716722
0.038680031285179446
0.038138477537638285
0.03852684729041873
0.03857277137099171
0.03827848151412666
0.038433913436607715
0.03844914073076604
0.038275770577163824
0.03798908134256761
0.038110787177651
0.0383610686237497
0.038237726987769456
0.03833027957580891
0.03809521780132479
0.03790428814817077
0.03797514482434319
0.03813331597819396
0.038338746332678045
0.03782957878193144
0.03791776243560376
0.038452260151495034
0.038223993566940194
0.03853474605894596
0.03752035235702694
0.037974049445346436
0.03841498194822755
0.03816084051973359
0.03829083129232896
0.03807574675135783
0.03866433254152552
0.03810315698279741
0.038097856291634646
