0.06411642971081943
0.06348875130450463
0.0628509801000809
0.0622480384016337
0.06219855993853264
0.06280880187625418
0.0621790210858197
0.062157802869404845
0.062189266028048584
0.06248942804716702
0.06239481486363933
0.06179867579252056
0.06221604148539009
0.06262820767293091
0.06174402521363667
0.062103917096775554
0.061680752736051066
0.062162412444796505
0.06178260718472676
0.062055205705968244
0.06262766915683834
0.06251337164575924
0.0626949711103238
0.06250923311195869
0.061986920136358696
0.06178961494973136
0.06248294963831393
0.06231204010664157
0.06210427151878232
0.061775682115664456
0.062152351771957576
0.06213801114532012
0.06197555526172063
0.06210150320269884
0.06229669537025535
0.061822543206231664
0.06209431811881886
0.062292432822989484
0.06218581937100694
0.062291357233102494
